
power = 2776.16787032473
throughput = 13892.70
composite = 6210.35163030728
